\documentclass {article}
\usepackage[ngerman]{babel}
\usepackage[utf8]{inputenc}
\usepackage{graphicx}
\usepackage{amsmath}
\usepackage{fancyhdr}
\pagestyle{fancy}
\usepackage{hyperref}
\usepackage{float}

\fancyhf{}
\lhead{Robotik\\Übung 4}
\rhead{bearbeitet von Darius Golagha und Jörn Andreesen}

\begin{document}

\noindent Der Code für alle Aufgeben befindet sich an dieser URL:\\
\url{https://git.imp.fu-berlin.de/joea95/catkin_ws_team_otter/blob/master/src/assignment4/src/camera.py}

\section*{Aufgabe 2}

\begin{figure}[H]
\centering
\includegraphics[width=\linewidth]{3.png}
\end{figure}

\section*{Aufgabe 3}


\begin{figure}[H]
\centering
\includegraphics[width=\linewidth]{1.png}
\end{figure}

\section*{Aufgabe 3}


\begin{figure}[H]
\centering
\includegraphics[width=\linewidth]{5.png}
\end{figure}



\section*{Aufgabe 5-6}


\begin{figure}[H]
\centering
\includegraphics[width=\linewidth]{2.png}
\end{figure}

Die Transformationsmatrix ist also:
\begin{equation*}
\begin{pmatrix}
-0.657 & -0.0187 & 0.7536 & 0.1970\\
0.1672 & -0.9784 & 0.1216 & 0.0629\\
0.7351 & 0.2059 & 0.646 & 0.1792\\
0 & 0 & 0 & 1\\
\end{pmatrix}
\end{equation*}
Sie übersetzt von Kamera-Koordinaten in Welt-Koordinaten.
Die Inverse dieser Transformationsmatrix übersetzt demnach von Welt-Koordinaten in Kamera-Koordinaten und sieht wie folgt aus:
\begin{equation*}
\begin{pmatrix}
-0.657 & 0.1672 & 0.7351 & -0.0128\\
-0.0187 & -0.9784 & 0.2059 & 0.0283\\
0.7536 & 0.1216 & 0.646 & -0.2719\\
0 & 0 & 0 & 1\\
\end{pmatrix}
\end{equation*}
\end{document}
